% 5-design from Jespersen 2013 paper with parallel orientations repeated 5x to match SNR with orthogonal acq.
tensor1 = [-0.894427 0.000000 -0.447214
-0.723607 -0.525731 0.447214
-0.723607 0.525731 0.447214
-0.276393 -0.850651 -0.447214
-0.276393 0.850651 -0.447214
0.000000 0.000000 1.000000
0.000000 0.000000 -1.000000
0.276393 -0.850651 0.447214
0.276393 0.850651 0.447214
0.723607 -0.525731 -0.447214
0.723607 0.525731 -0.447214
0.894427 -0.000000 0.447214
-0.894427 0.000000 -0.447214
-0.723607 -0.525731 0.447214
-0.723607 0.525731 0.447214
-0.276393 -0.850651 -0.447214
-0.276393 0.850651 -0.447214
0.000000 0.000000 1.000000
0.000000 0.000000 -1.000000
0.276393 -0.850651 0.447214
0.276393 0.850651 0.447214
0.723607 -0.525731 -0.447214
0.723607 0.525731 -0.447214
0.894427 -0.000000 0.447214
-0.894427 0.000000 -0.447214
-0.723607 -0.525731 0.447214
-0.723607 0.525731 0.447214
-0.276393 -0.850651 -0.447214
-0.276393 0.850651 -0.447214
0.000000 0.000000 1.000000
0.000000 0.000000 -1.000000
0.276393 -0.850651 0.447214
0.276393 0.850651 0.447214
0.723607 -0.525731 -0.447214
0.723607 0.525731 -0.447214
0.894427 -0.000000 0.447214
-0.894427 0.000000 -0.447214
-0.723607 -0.525731 0.447214
-0.723607 0.525731 0.447214
-0.276393 -0.850651 -0.447214
-0.276393 0.850651 -0.447214
0.000000 0.000000 1.000000
0.000000 0.000000 -1.000000
0.276393 -0.850651 0.447214
0.276393 0.850651 0.447214
0.723607 -0.525731 -0.447214
0.723607 0.525731 -0.447214
0.894427 -0.000000 0.447214
-0.894427 0.000000 -0.447214
-0.723607 -0.525731 0.447214
-0.723607 0.525731 0.447214
-0.276393 -0.850651 -0.447214
-0.276393 0.850651 -0.447214
0.000000 0.000000 1.000000
0.000000 0.000000 -1.000000
0.276393 -0.850651 0.447214
0.276393 0.850651 0.447214
0.723607 -0.525731 -0.447214
0.723607 0.525731 -0.447214
0.894427 -0.000000 0.447214
1.000000 0.000000 0.000000
0.309017 0.951057 0.000000
-0.809017 0.587785 0.000000
-0.809017 -0.587785 0.000000
0.309017 -0.951057 0.000000
0.670820 0.162460 -0.723607
-0.447214 0.525731 -0.723607
-0.947214 0.162460 0.276393
-0.138197 -0.425325 0.894427
0.861803 -0.425325 0.276393
0.670820 0.688191 0.276393
0.052786 0.688191 -0.723607
-0.638197 -0.262866 -0.723607
-0.447214 -0.850651 0.276393
0.361803 -0.262866 0.894427
0.361803 0.262866 0.894427
-0.447214 0.850651 0.276393
-0.638197 0.262866 -0.723607
0.052786 -0.688191 -0.723607
0.670820 -0.688191 0.276393
0.861803 0.425325 0.276393
-0.138197 0.425325 0.894427
-0.947214 -0.162460 0.276393
-0.447214 -0.525731 -0.723607
0.670820 -0.162460 -0.723607
0.361803 0.587785 -0.723607
-0.138197 0.951057 0.276393
-0.447214 -0.000000 0.894427
-0.138197 -0.951057 0.276393
0.361803 -0.587785 -0.723607
0.947214 0.162460 -0.276393
0.138197 -0.425325 -0.894427
-0.861803 -0.425325 -0.276393
-0.670820 0.162460 0.723607
0.447214 0.525731 0.723607
-0.361803 0.587785 0.723607
0.138197 0.951057 -0.276393
0.447214 -0.000000 -0.894427
0.138197 -0.951057 -0.276393
-0.361803 -0.587785 0.723607
0.447214 -0.525731 0.723607
-0.670820 -0.162460 0.723607
-0.861803 0.425325 -0.276393
0.138197 0.425325 -0.894427
0.947214 -0.162460 -0.276393
0.447214 0.850651 -0.276393
0.638197 0.262866 0.723607
-0.052786 -0.688191 0.723607
-0.670820 -0.688191 -0.276393
-0.361803 0.262866 -0.894427
-0.361803 -0.262866 -0.894427
-0.670820 0.688191 -0.276393
-0.052786 0.688191 0.723607
0.638197 -0.262866 0.723607
0.447214 -0.850651 -0.276393
-1.000000 0.000000 -0.000000
-0.309017 0.951057 -0.000000
0.809017 0.587785 0.000000
0.809017 -0.587785 0.000000
-0.309017 -0.951057 -0.000000];

tensor2 = [-0.894427 0.000000 -0.447214
-0.723607 -0.525731 0.447214
-0.723607 0.525731 0.447214
-0.276393 -0.850651 -0.447214
-0.276393 0.850651 -0.447214
0.000000 0.000000 1.000000
0.000000 0.000000 -1.000000
0.276393 -0.850651 0.447214
0.276393 0.850651 0.447214
0.723607 -0.525731 -0.447214
0.723607 0.525731 -0.447214
0.894427 -0.000000 0.447214
-0.894427 0.000000 -0.447214
-0.723607 -0.525731 0.447214
-0.723607 0.525731 0.447214
-0.276393 -0.850651 -0.447214
-0.276393 0.850651 -0.447214
0.000000 0.000000 1.000000
0.000000 0.000000 -1.000000
0.276393 -0.850651 0.447214
0.276393 0.850651 0.447214
0.723607 -0.525731 -0.447214
0.723607 0.525731 -0.447214
0.894427 -0.000000 0.447214
-0.894427 0.000000 -0.447214
-0.723607 -0.525731 0.447214
-0.723607 0.525731 0.447214
-0.276393 -0.850651 -0.447214
-0.276393 0.850651 -0.447214
0.000000 0.000000 1.000000
0.000000 0.000000 -1.000000
0.276393 -0.850651 0.447214
0.276393 0.850651 0.447214
0.723607 -0.525731 -0.447214
0.723607 0.525731 -0.447214
0.894427 -0.000000 0.447214
-0.894427 0.000000 -0.447214
-0.723607 -0.525731 0.447214
-0.723607 0.525731 0.447214
-0.276393 -0.850651 -0.447214
-0.276393 0.850651 -0.447214
0.000000 0.000000 1.000000
0.000000 0.000000 -1.000000
0.276393 -0.850651 0.447214
0.276393 0.850651 0.447214
0.723607 -0.525731 -0.447214
0.723607 0.525731 -0.447214
0.894427 -0.000000 0.447214
-0.894427 0.000000 -0.447214
-0.723607 -0.525731 0.447214
-0.723607 0.525731 0.447214
-0.276393 -0.850651 -0.447214
-0.276393 0.850651 -0.447214
0.000000 0.000000 1.000000
0.000000 0.000000 -1.000000
0.276393 -0.850651 0.447214
0.276393 0.850651 0.447214
0.723607 -0.525731 -0.447214
0.723607 0.525731 -0.447214
0.894427 -0.000000 0.447214
0.000000 0.000000 1.000000
0.000000 0.000000 1.000000
0.000000 0.000000 1.000000
0.000000 0.000000 1.000000
0.000000 0.000000 1.000000
0.276393 0.850651 0.447214
0.276393 0.850651 0.447214
0.276393 0.850651 0.447214
0.276393 0.850651 0.447214
0.276393 0.850651 0.447214
-0.723607 0.525731 0.447214
-0.723607 0.525731 0.447214
-0.723607 0.525731 0.447214
-0.723607 0.525731 0.447214
-0.723607 0.525731 0.447214
-0.723607 -0.525731 0.447214
-0.723607 -0.525731 0.447214
-0.723607 -0.525731 0.447214
-0.723607 -0.525731 0.447214
-0.723607 -0.525731 0.447214
0.276393 -0.850651 0.447214
0.276393 -0.850651 0.447214
0.276393 -0.850651 0.447214
0.276393 -0.850651 0.447214
0.276393 -0.850651 0.447214
0.894427 -0.000000 0.447214
0.894427 -0.000000 0.447214
0.894427 -0.000000 0.447214
0.894427 -0.000000 0.447214
0.894427 -0.000000 0.447214
-0.276393 0.850651 -0.447214
-0.276393 0.850651 -0.447214
-0.276393 0.850651 -0.447214
-0.276393 0.850651 -0.447214
-0.276393 0.850651 -0.447214
-0.894427 0.000000 -0.447214
-0.894427 0.000000 -0.447214
-0.894427 0.000000 -0.447214
-0.894427 0.000000 -0.447214
-0.894427 0.000000 -0.447214
-0.276393 -0.850651 -0.447214
-0.276393 -0.850651 -0.447214
-0.276393 -0.850651 -0.447214
-0.276393 -0.850651 -0.447214
-0.276393 -0.850651 -0.447214
0.723607 -0.525731 -0.447214
0.723607 -0.525731 -0.447214
0.723607 -0.525731 -0.447214
0.723607 -0.525731 -0.447214
0.723607 -0.525731 -0.447214
0.723607 0.525731 -0.447214
0.723607 0.525731 -0.447214
0.723607 0.525731 -0.447214
0.723607 0.525731 -0.447214
0.723607 0.525731 -0.447214
0.000000 0.000000 -1.000000
0.000000 0.000000 -1.000000
0.000000 0.000000 -1.000000
0.000000 0.000000 -1.000000
0.000000 0.000000 -1.000000];
